-1 1 -1.5
1 1 1.5
1 1 -1.5
1 1 1.5
-1 -1 1.5
1 -1 1.5
-1 1 1.5
-1 -1 -1.5
-1 -1 1.5
1 -1 -1.5
-1 -1 1.5
-1 -1 -1.5
1 1 -1.5
1 -1 1.5
1 -1 -1.5
-1 1 -1.5
1 -1 -1.5
-1 -1 -1.5
-1 1 -1.5
-1 1 1.5
1 1 1.5
1 1 1.5
-1 1 1.5
-1 -1 1.5
-1 1 1.5
-1 1 -1.5
-1 -1 -1.5
1 -1 -1.5
1 -1 1.5
-1 -1 1.5
1 1 -1.5
1 1 1.5
1 -1 1.5
-1 1 -1.5
1 1 -1.5
1 -1 -1.5
-1 0.25 2.7
-1 -0.75 1.5
-1 -0.75 2.7
-1 0.25 1.5
1 -0.75 1.5
-1 -0.75 1.5
1 0.25 1.5
1 -0.75 2.7
1 -0.75 1.5
1 0.25 2.7
-1 -0.75 2.7
1 -0.75 2.7
1 -0.75 1.5
-1 -0.75 2.7
-1 -0.75 1.5
-1 0.25 1.5
1 0.25 2.7
1 0.25 1.5
-1 0.25 2.7
-1 0.25 1.5
-1 -0.75 1.5
-1 0.25 1.5
1 0.25 1.5
1 -0.75 1.5
1 0.25 1.5
1 0.25 2.7
1 -0.75 2.7
1 0.25 2.7
-1 0.25 2.7
-1 -0.75 2.7
1 -0.75 1.5
1 -0.75 2.7
-1 -0.75 2.7
-1 0.25 1.5
-1 0.25 2.7
1 0.25 2.7
-1 1.25 2.5
-1 0.25 1.5
-1 0.25 2.5
-1 1.25 1.5
1 0.25 1.5
-1 0.25 1.5
1 1.25 1.5
1 0.25 2.5
1 0.25 1.5
1 1.25 2.5
-1 0.25 2.5
1 0.25 2.5
1 0.25 1.5
-1 0.25 2.5
-1 0.25 1.5
-1 1.25 1.5
1 1.25 2.5
1 1.25 1.5
-1 1.25 2.5
-1 1.25 1.5
-1 0.25 1.5
-1 1.25 1.5
1 1.25 1.5
1 0.25 1.5
1 1.25 1.5
1 1.25 2.5
1 0.25 2.5
1 1.25 2.5
-1 1.25 2.5
-1 0.25 2.5
1 0.25 1.5
1 0.25 2.5
-1 0.25 2.5
-1 1.25 1.5
-1 1.25 2.5
1 1.25 2.5
-0.8 0.85 2.7
-0.8 0.25 2.5
-0.8 0.25 2.7
-0.8 0.85 2.5
-0.2 0.25 2.5
-0.8 0.25 2.5
-0.2 0.85 2.5
-0.2 0.25 2.7
-0.2 0.25 2.5
-0.2 0.85 2.7
-0.8 0.25 2.7
-0.2 0.25 2.7
-0.2 0.25 2.5
-0.8 0.25 2.7
-0.8 0.25 2.5
-0.8 0.85 2.5
-0.2 0.85 2.7
-0.2 0.85 2.5
-0.8 0.85 2.7
-0.8 0.85 2.5
-0.8 0.25 2.5
-0.8 0.85 2.5
-0.2 0.85 2.5
-0.2 0.25 2.5
-0.2 0.85 2.5
-0.2 0.85 2.7
-0.2 0.25 2.7
-0.2 0.85 2.7
-0.8 0.85 2.7
-0.8 0.25 2.7
-0.2 0.25 2.5
-0.2 0.25 2.7
-0.8 0.25 2.7
-0.8 0.85 2.5
-0.8 0.85 2.7
-0.2 0.85 2.7
0.2 0.85 2.7
0.2 0.25 2.5
0.2 0.25 2.7
0.2 0.85 2.5
0.8 0.25 2.5
0.2 0.25 2.5
0.8 0.85 2.5
0.8 0.25 2.7
0.8 0.25 2.5
0.8 0.85 2.7
0.2 0.25 2.7
0.8 0.25 2.7
0.8 0.25 2.5
0.2 0.25 2.7
0.2 0.25 2.5
0.2 0.85 2.5
0.8 0.85 2.7
0.8 0.85 2.5
0.2 0.85 2.7
0.2 0.85 2.5
0.2 0.25 2.5
0.2 0.85 2.5
0.8 0.85 2.5
0.8 0.25 2.5
0.8 0.85 2.5
0.8 0.85 2.7
0.8 0.25 2.7
0.8 0.85 2.7
0.2 0.85 2.7
0.2 0.25 2.7
0.8 0.25 2.5
0.8 0.25 2.7
0.2 0.25 2.7
0.2 0.85 2.5
0.2 0.85 2.7
0.8 0.85 2.7
-0.2 0.55 2.7
-0.2 0.25 2.5
-0.2 0.25 2.7
-0.2 0.55 2.5
0.2 0.25 2.5
-0.2 0.25 2.5
0.2 0.55 2.5
0.2 0.25 2.7
0.2 0.25 2.5
0.2 0.55 2.7
-0.2 0.25 2.7
0.2 0.25 2.7
0.2 0.25 2.5
-0.2 0.25 2.7
-0.2 0.25 2.5
-0.2 0.55 2.5
0.2 0.55 2.7
0.2 0.55 2.5
-0.2 0.55 2.7
-0.2 0.55 2.5
-0.2 0.25 2.5
-0.2 0.55 2.5
0.2 0.55 2.5
0.2 0.25 2.5
0.2 0.55 2.5
0.2 0.55 2.7
0.2 0.25 2.7
0.2 0.55 2.7
-0.2 0.55 2.7
-0.2 0.25 2.7
0.2 0.25 2.5
0.2 0.25 2.7
-0.2 0.25 2.7
-0.2 0.55 2.5
-0.2 0.55 2.7
0.2 0.55 2.7
-1 1.65 2.5
-1 1.25 2
-1 1.25 2.5
-1 1.65 2
-0.4 1.25 2
-1 1.25 2
-0.4 1.65 2
-0.4 1.25 2.5
-0.4 1.25 2
-0.4 1.65 2.5
-1 1.25 2.5
-0.4 1.25 2.5
-0.4 1.25 2
-1 1.25 2.5
-1 1.25 2
-1 1.65 2
-0.4 1.65 2.5
-0.4 1.65 2
-1 1.65 2.5
-1 1.65 2
-1 1.25 2
-1 1.65 2
-0.4 1.65 2
-0.4 1.25 2
-0.4 1.65 2
-0.4 1.65 2.5
-0.4 1.25 2.5
-0.4 1.65 2.5
-1 1.65 2.5
-1 1.25 2.5
-0.4 1.25 2
-0.4 1.25 2.5
-1 1.25 2.5
-1 1.65 2
-1 1.65 2.5
-0.4 1.65 2.5
0.4 1.65 2.5
0.4 1.25 2
0.4 1.25 2.5
0.4 1.65 2
1 1.25 2
0.4 1.25 2
1 1.65 2
1 1.25 2.5
1 1.25 2
1 1.65 2.5
0.4 1.25 2.5
1 1.25 2.5
1 1.25 2
0.4 1.25 2.5
0.4 1.25 2
0.4 1.65 2
1 1.65 2.5
1 1.65 2
0.4 1.65 2.5
0.4 1.65 2
0.4 1.25 2
0.4 1.65 2
1 1.65 2
1 1.25 2
1 1.65 2
1 1.65 2.5
1 1.25 2.5
1 1.65 2.5
0.4 1.65 2.5
0.4 1.25 2.5
1 1.25 2
1 1.25 2.5
0.4 1.25 2.5
0.4 1.65 2
0.4 1.65 2.5
1 1.65 2.5
-0.4 0.45 2.71
-0.6 0.65 2.71
-0.6 0.45 2.71
-0.4 0.45 2.71
-0.4 0.65 2.71
-0.6 0.65 2.71
0.4 -0.2 2.72
0.2 0 2.72
0.2 -0.2 2.72
0.4 -0.2 2.72
0.4 0 2.72
0.2 0 2.72
-0.6 1.25 2.51
-0.8 1.45 2.51
-0.8 1.25 2.51
-0.6 1.25 2.51
-0.6 1.45 2.51
-0.8 1.45 2.51
0.8 1.25 2.51
0.6 1.45 2.51
0.6 1.25 2.51
0.8 1.25 2.51
0.8 1.45 2.51
0.6 1.45 2.51
-1 -1 1.5
-1 -1.4 0.9
-1 -1.4 1.5
-1 -1 0.9
-0.4 -1.4 0.9
-1 -1.4 0.9
-0.4 -1 0.9
-0.4 -1.4 1.5
-0.4 -1.4 0.9
-0.4 -1 1.5
-1 -1.4 1.5
-0.4 -1.4 1.5
-0.4 -1.4 0.9
-1 -1.4 1.5
-1 -1.4 0.9
-1 -1 0.9
-0.4 -1 1.5
-0.4 -1 0.9
-1 -1 1.5
-1 -1 0.9
-1 -1.4 0.9
-1 -1 0.9
-0.4 -1 0.9
-0.4 -1.4 0.9
-0.4 -1 0.9
-0.4 -1 1.5
-0.4 -1.4 1.5
-0.4 -1 1.5
-1 -1 1.5
-1 -1.4 1.5
-0.4 -1.4 0.9
-0.4 -1.4 1.5
-1 -1.4 1.5
-1 -1 0.9
-1 -1 1.5
-0.4 -1 1.5
0.4 -1 1.5
0.4 -1.4 0.9
0.4 -1.4 1.5
0.4 -1 0.9
1 -1.4 0.9
0.4 -1.4 0.9
1 -1 0.9
1 -1.4 1.5
1 -1.4 0.9
1 -1 1.5
0.4 -1.4 1.5
1 -1.4 1.5
1 -1.4 0.9
0.4 -1.4 1.5
0.4 -1.4 0.9
0.4 -1 0.9
1 -1 1.5
1 -1 0.9
0.4 -1 1.5
0.4 -1 0.9
0.4 -1.4 0.9
0.4 -1 0.9
1 -1 0.9
1 -1.4 0.9
1 -1 0.9
1 -1 1.5
1 -1.4 1.5
1 -1 1.5
0.4 -1 1.5
0.4 -1.4 1.5
1 -1.4 0.9
1 -1.4 1.5
0.4 -1.4 1.5
0.4 -1 0.9
0.4 -1 1.5
1 -1 1.5
0.4 -1 -0.9
0.4 -1.4 -1.5
0.4 -1.4 -0.9
0.4 -1 -1.5
1 -1.4 -1.5
0.4 -1.4 -1.5
1 -1 -1.5
1 -1.4 -0.9
1 -1.4 -1.5
1 -1 -0.9
0.4 -1.4 -0.9
1 -1.4 -0.9
1 -1.4 -1.5
0.4 -1.4 -0.9
0.4 -1.4 -1.5
0.4 -1 -1.5
1 -1 -0.9
1 -1 -1.5
0.4 -1 -0.9
0.4 -1 -1.5
0.4 -1.4 -1.5
0.4 -1 -1.5
1 -1 -1.5
1 -1.4 -1.5
1 -1 -1.5
1 -1 -0.9
1 -1.4 -0.9
1 -1 -0.9
0.4 -1 -0.9
0.4 -1.4 -0.9
1 -1.4 -1.5
1 -1.4 -0.9
0.4 -1.4 -0.9
0.4 -1 -1.5
0.4 -1 -0.9
1 -1 -0.9
-1 -1 -0.9
-1 -1.4 -1.5
-1 -1.4 -0.9
-1 -1 -1.5
-0.4 -1.4 -1.5
-1 -1.4 -1.5
-0.4 -1 -1.5
-0.4 -1.4 -0.9
-0.4 -1.4 -1.5
-0.4 -1 -0.9
-1 -1.4 -0.9
-0.4 -1.4 -0.9
-0.4 -1.4 -1.5
-1 -1.4 -0.9
-1 -1.4 -1.5
-1 -1 -1.5
-0.4 -1 -0.9
-0.4 -1 -1.5
-1 -1 -0.9
-1 -1 -1.5
-1 -1.4 -1.5
-1 -1 -1.5
-0.4 -1 -1.5
-0.4 -1.4 -1.5
-0.4 -1 -1.5
-0.4 -1 -0.9
-0.4 -1.4 -0.9
-0.4 -1 -0.9
-1 -1 -0.9
-1 -1.4 -0.9
-0.4 -1.4 -1.5
-0.4 -1.4 -0.9
-1 -1.4 -0.9
-1 -1 -1.5
-1 -1 -0.9
-0.4 -1 -0.9
0.4 -1.4 1.5
0.4 -1.8 0.9
0.4 -1.8 1.5
0.4 -1.4 0.9
1 -1.8 0.9
0.4 -1.8 0.9
1 -1.4 0.9
1 -1.8 1.5
1 -1.8 0.9
1 -1.4 1.5
0.4 -1.8 1.5
1 -1.8 1.5
1 -1.8 0.9
0.4 -1.8 1.5
0.4 -1.8 0.9
0.4 -1.4 0.9
1 -1.4 1.5
1 -1.4 0.9
0.4 -1.4 1.5
0.4 -1.4 0.9
0.4 -1.8 0.9
0.4 -1.4 0.9
1 -1.4 0.9
1 -1.8 0.9
1 -1.4 0.9
1 -1.4 1.5
1 -1.8 1.5
1 -1.4 1.5
0.4 -1.4 1.5
0.4 -1.8 1.5
1 -1.8 0.9
1 -1.8 1.5
0.4 -1.8 1.5
0.4 -1.4 0.9
0.4 -1.4 1.5
1 -1.4 1.5
-1 -1.4 1.5
-1 -1.8 0.9
-1 -1.8 1.5
-1 -1.4 0.9
-0.4 -1.8 0.9
-1 -1.8 0.9
-0.4 -1.4 0.9
-0.4 -1.8 1.5
-0.4 -1.8 0.9
-0.4 -1.4 1.5
-1 -1.8 1.5
-0.4 -1.8 1.5
-0.4 -1.8 0.9
-1 -1.8 1.5
-1 -1.8 0.9
-1 -1.4 0.9
-0.4 -1.4 1.5
-0.4 -1.4 0.9
-1 -1.4 1.5
-1 -1.4 0.9
-1 -1.8 0.9
-1 -1.4 0.9
-0.4 -1.4 0.9
-0.4 -1.8 0.9
-0.4 -1.4 0.9
-0.4 -1.4 1.5
-0.4 -1.8 1.5
-0.4 -1.4 1.5
-1 -1.4 1.5
-1 -1.8 1.5
-0.4 -1.8 0.9
-0.4 -1.8 1.5
-1 -1.8 1.5
-1 -1.4 0.9
-1 -1.4 1.5
-0.4 -1.4 1.5
-1 -1.4 -0.9
-1 -1.8 -1.5
-1 -1.8 -0.9
-1 -1.4 -1.5
-0.4 -1.8 -1.5
-1 -1.8 -1.5
-0.4 -1.4 -1.5
-0.4 -1.8 -0.9
-0.4 -1.8 -1.5
-0.4 -1.4 -0.9
-1 -1.8 -0.9
-0.4 -1.8 -0.9
-0.4 -1.8 -1.5
-1 -1.8 -0.9
-1 -1.8 -1.5
-1 -1.4 -1.5
-0.4 -1.4 -0.9
-0.4 -1.4 -1.5
-1 -1.4 -0.9
-1 -1.4 -1.5
-1 -1.8 -1.5
-1 -1.4 -1.5
-0.4 -1.4 -1.5
-0.4 -1.8 -1.5
-0.4 -1.4 -1.5
-0.4 -1.4 -0.9
-0.4 -1.8 -0.9
-0.4 -1.4 -0.9
-1 -1.4 -0.9
-1 -1.8 -0.9
-0.4 -1.8 -1.5
-0.4 -1.8 -0.9
-1 -1.8 -0.9
-1 -1.4 -1.5
-1 -1.4 -0.9
-0.4 -1.4 -0.9
0.4 -1.4 -0.9
0.4 -1.8 -1.5
0.4 -1.8 -0.9
0.4 -1.4 -1.5
1 -1.8 -1.5
0.4 -1.8 -1.5
1 -1.4 -1.5
1 -1.8 -0.9
1 -1.8 -1.5
1 -1.4 -0.9
0.4 -1.8 -0.9
1 -1.8 -0.9
1 -1.8 -1.5
0.4 -1.8 -0.9
0.4 -1.8 -1.5
0.4 -1.4 -1.5
1 -1.4 -0.9
1 -1.4 -1.5
0.4 -1.4 -0.9
0.4 -1.4 -1.5
0.4 -1.8 -1.5
0.4 -1.4 -1.5
1 -1.4 -1.5
1 -1.8 -1.5
1 -1.4 -1.5
1 -1.4 -0.9
1 -1.8 -0.9
1 -1.4 -0.9
0.4 -1.4 -0.9
0.4 -1.8 -0.9
1 -1.8 -1.5
1 -1.8 -0.9
0.4 -1.8 -0.9
0.4 -1.4 -1.5
0.4 -1.4 -0.9
1 -1.4 -0.9
0.4 -1.8 -0.7
0.4 -2.1 -1.5
0.4 -2.1 -0.7
0.4 -1.8 -1.5
1 -2.1 -1.5
0.4 -2.1 -1.5
1 -1.8 -1.5
1 -2.1 -0.7
1 -2.1 -1.5
1 -1.8 -0.7
0.4 -2.1 -0.7
1 -2.1 -0.7
1 -2.1 -1.5
0.4 -2.1 -0.7
0.4 -2.1 -1.5
0.4 -1.8 -1.5
1 -1.8 -0.7
1 -1.8 -1.5
0.4 -1.8 -0.7
0.4 -1.8 -1.5
0.4 -2.1 -1.5
0.4 -1.8 -1.5
1 -1.8 -1.5
1 -2.1 -1.5
1 -1.8 -1.5
1 -1.8 -0.7
1 -2.1 -0.7
1 -1.8 -0.7
0.4 -1.8 -0.7
0.4 -2.1 -0.7
1 -2.1 -1.5
1 -2.1 -0.7
0.4 -2.1 -0.7
0.4 -1.8 -1.5
0.4 -1.8 -0.7
1 -1.8 -0.7
-1 -1.8 -0.7
-1 -2.1 -1.5
-1 -2.1 -0.7
-1 -1.8 -1.5
-0.4 -2.1 -1.5
-1 -2.1 -1.5
-0.4 -1.8 -1.5
-0.4 -2.1 -0.7
-0.4 -2.1 -1.5
-0.4 -1.8 -0.7
-1 -2.1 -0.7
-0.4 -2.1 -0.7
-0.4 -2.1 -1.5
-1 -2.1 -0.7
-1 -2.1 -1.5
-1 -1.8 -1.5
-0.4 -1.8 -0.7
-0.4 -1.8 -1.5
-1 -1.8 -0.7
-1 -1.8 -1.5
-1 -2.1 -1.5
-1 -1.8 -1.5
-0.4 -1.8 -1.5
-0.4 -2.1 -1.5
-0.4 -1.8 -1.5
-0.4 -1.8 -0.7
-0.4 -2.1 -0.7
-0.4 -1.8 -0.7
-1 -1.8 -0.7
-1 -2.1 -0.7
-0.4 -2.1 -1.5
-0.4 -2.1 -0.7
-1 -2.1 -0.7
-1 -1.8 -1.5
-1 -1.8 -0.7
-0.4 -1.8 -0.7
-1 -1.8 1.7
-1 -2.1 0.9
-1 -2.1 1.7
-1 -1.8 0.9
-0.4 -2.1 0.9
-1 -2.1 0.9
-0.4 -1.8 0.9
-0.4 -2.1 1.7
-0.4 -2.1 0.9
-0.4 -1.8 1.7
-1 -2.1 1.7
-0.4 -2.1 1.7
-0.4 -2.1 0.9
-1 -2.1 1.7
-1 -2.1 0.9
-1 -1.8 0.9
-0.4 -1.8 1.7
-0.4 -1.8 0.9
-1 -1.8 1.7
-1 -1.8 0.9
-1 -2.1 0.9
-1 -1.8 0.9
-0.4 -1.8 0.9
-0.4 -2.1 0.9
-0.4 -1.8 0.9
-0.4 -1.8 1.7
-0.4 -2.1 1.7
-0.4 -1.8 1.7
-1 -1.8 1.7
-1 -2.1 1.7
-0.4 -2.1 0.9
-0.4 -2.1 1.7
-1 -2.1 1.7
-1 -1.8 0.9
-1 -1.8 1.7
-0.4 -1.8 1.7
0.4 -1.8 1.7
0.4 -2.1 0.9
0.4 -2.1 1.7
0.4 -1.8 0.9
1 -2.1 0.9
0.4 -2.1 0.9
1 -1.8 0.9
1 -2.1 1.7
1 -2.1 0.9
1 -1.8 1.7
0.4 -2.1 1.7
1 -2.1 1.7
1 -2.1 0.9
0.4 -2.1 1.7
0.4 -2.1 0.9
0.4 -1.8 0.9
1 -1.8 1.7
1 -1.8 0.9
0.4 -1.8 1.7
0.4 -1.8 0.9
0.4 -2.1 0.9
0.4 -1.8 0.9
1 -1.8 0.9
1 -2.1 0.9
1 -1.8 0.9
1 -1.8 1.7
1 -2.1 1.7
1 -1.8 1.7
0.4 -1.8 1.7
0.4 -2.1 1.7
1 -2.1 0.9
1 -2.1 1.7
0.4 -2.1 1.7
0.4 -1.8 0.9
0.4 -1.8 1.7
1 -1.8 1.7
-0.3 1 -1.5
-0.3 0.4 -2.5
-0.3 0.4 -1.5
-0.3 1 -2.5
0.3 0.4 -2.5
-0.3 0.4 -2.5
0.3 1 -2.5
0.3 0.4 -1.5
0.3 0.4 -2.5
0.3 1 -1.5
-0.3 0.4 -1.5
0.3 0.4 -1.5
0.3 0.4 -2.5
-0.3 0.4 -1.5
-0.3 0.4 -2.5
-0.3 1 -2.5
0.3 1 -1.5
0.3 1 -2.5
-0.3 1 -1.5
-0.3 1 -2.5
-0.3 0.4 -2.5
-0.3 1 -2.5
0.3 1 -2.5
0.3 0.4 -2.5
0.3 1 -2.5
0.3 1 -1.5
0.3 0.4 -1.5
0.3 1 -1.5
-0.3 1 -1.5
-0.3 0.4 -1.5
0.3 0.4 -2.5
0.3 0.4 -1.5
-0.3 0.4 -1.5
-0.3 1 -2.5
-0.3 1 -1.5
0.3 1 -1.5
-0.3 -0 -1.9
-0.3 0.4 -2.5
-0.3 0 -2.5
-0.3 0.4 -1.9
0.3 0.4 -2.5
-0.3 0.4 -2.5
0.3 0.4 -1.9
0.3 0 -2.5
0.3 0.4 -2.5
0.3 -0 -1.9
-0.3 0 -2.5
0.3 0 -2.5
0.3 0.4 -2.5
-0.3 0 -2.5
-0.3 0.4 -2.5
-0.3 0.4 -1.9
0.3 -0 -1.9
0.3 0.4 -1.9
-0.3 -0 -1.9
-0.3 0.4 -1.9
-0.3 0.4 -2.5
-0.3 0.4 -1.9
0.3 0.4 -1.9
0.3 0.4 -2.5
0.3 0.4 -1.9
0.3 -0 -1.9
0.3 0 -2.5
0.3 -0 -1.9
-0.3 -0 -1.9
-0.3 0 -2.5
0.3 0.4 -2.5
0.3 0 -2.5
-0.3 0 -2.5
-0.3 0.4 -1.9
-0.3 -0 -1.9
0.3 -0 -1.9
-0.3 0 -1.9
-0.3 -0.6 -2.9
-0.3 -0.6 -1.9
-0.3 0 -2.9
0.3 -0.6 -2.9
-0.3 -0.6 -2.9
0.3 0 -2.9
0.3 -0.6 -1.9
0.3 -0.6 -2.9
0.3 0 -1.9
-0.3 -0.6 -1.9
0.3 -0.6 -1.9
0.3 -0.6 -2.9
-0.3 -0.6 -1.9
-0.3 -0.6 -2.9
-0.3 0 -2.9
0.3 0 -1.9
0.3 0 -2.9
-0.3 0 -1.9
-0.3 0 -2.9
-0.3 -0.6 -2.9
-0.3 0 -2.9
0.3 0 -2.9
0.3 -0.6 -2.9
0.3 0 -2.9
0.3 0 -1.9
0.3 -0.6 -1.9
0.3 0 -1.9
-0.3 0 -1.9
-0.3 -0.6 -1.9
0.3 -0.6 -2.9
0.3 -0.6 -1.9
-0.3 -0.6 -1.9
-0.3 0 -2.9
-0.3 0 -1.9
0.3 0 -1.9
0.5 -0.4 2.71
-0.5 0 2.71
-0.5 -0.4 2.71
0.5 -0.4 2.71
0.5 0 2.71
-0.5 0 2.71
0.6 0.45 2.71
0.4 0.65 2.71
0.4 0.45 2.71
0.6 0.45 2.71
0.6 0.65 2.71
0.4 0.65 2.71
-0.2 -0.2 2.72
-0.4 0 2.72
-0.4 -0.2 2.72
-0.2 -0.2 2.72
-0.2 0 2.72
-0.4 0 2.72
0.3 -0.4 2.72
-0.3 -0.26 2.72
-0.3 -0.4 2.72
0.3 -0.4 2.72
0.3 -0.26 2.72
-0.3 -0.26 2.72
